-----RK4-----
AU: 1.49598e+11
G: 6.67385e-11
SolarMass: 1.98855e+30
dt: 10000
maxT: 0
integration_method: 4
print_freq: 100

