-----RK4-----
AU: 1.49598e+11
G: 6.67385e-11
SolarMass: 1.98855e+30
dt: 10000
maxT: 2.5e+10
integration_method: 4
print_freq: 10

-----Euler-----
AU: 1.49598e+11
G: 6.67385e-11
SolarMass: 1.98855e+30
dt: 10000
maxT: 2.5e+10
integration_method: 1
print_freq: 10

